<?xml version="1.0"?>
<opencv_storage>
<worldPoints>
  -4.3775542481872276e-001 -3.6211642078280204e-001
  1.9433331835230501e+000 -1.4101628446243719e-001
  -1.0898750787744049e-001 1.5429968973064112e+000
  9.2953422760609250e-002 -4.2591392055645438e-001
  1.3425614697728898e+000 -1.3867347418947307e-001
  -7.3687634715663242e-001 1.8721455806766703e+000
  -3.1718949021039267e-001 -8.9868462560237061e-001
  1.8782099108224741e+000 -4.9685695298777754e-001
  -2.8032116742565960e-001 1.6865164224808926e+000
  3.1305881996768647e-002 -5.4460671784370285e-001
  1.6138662429142765e+000 -4.4258628284863888e-001
  -3.1543205977767119e-001 1.0629872924341803e+000
  -4.4305997674654929e-001 -2.5743269915516453e-001
  1.0746580144065017e+000 2.6309403267727660e-001
  -5.9375748721041766e-001 1.2429226707426813e+000
  9.4726591617096734e-002 -1.9691727497140588e-001
  1.7663280329804358e+000 -7.2712027502444898e-001
  -6.8113331120189247e-001 1.8705010131190070e+000
  -6.1270648489001878e-001 -2.8625570300612546e-001
  1.7974421694456861e+000 -3.2145695188830126e-001
  -4.1162776325894979e-001 1.4360281294384025e+000
  -4.6803720714999986e-001 -2.9883567995868932e-001
  9.0519824153035600e-001 -8.0260193737953389e-001
  -4.0442197720599382e-001 1.3894810418999137e+000
  -8.6487600408935839e-001 -2.6808418543047718e-002
  1.6979339973847900e+000 -1.0198408109159440e-001
  -2.4238818183796829e-001 1.3137321845489249e+000
  1.7478844481188549e-001 -2.3014363928900816e-001
  1.7188262364295419e+000 -5.1329079481581363e-001
  -2.6367203191370936e-001 1.4711130686230942e+000
  -3.8695291292977596e-001 -4.3393983033955474e-001
  1.9648029316333719e+000 9.3342665006596270e-002
  -5.3193357377940642e-001 1.0634821703671378e+000
  -2.3169864950322072e-001 -5.0740826638447678e-001
  1.8894742979940931e+000 -7.7932682722523405e-001
  -2.0613838437954701e-001 1.5278876498563889e+000
  -6.1660540851828705e-002 -1.1996673617066334e-001
  1.6175860011862315e+000 3.6408870456114117e-001
  -6.1985657386127491e-002 1.6583783787890523e+000
  1.7181868854598648e-001 -3.8512388740374282e-001
  1.4420651084327458e+000 -9.3626220852297859e-001
  -6.1456227126877261e-001 1.8737176476575954e+000
  -1.0631671060755243e-002 -6.5867004530124285e-001
  1.4463101776734870e+000 2.0535026924885269e-001
  -7.6990720865864626e-001 1.7018049461409159e+000
  -5.6523812009611207e-002 -5.9340139492946231e-001
  1.9607226706463519e+000 -4.7670065496300684e-001
  -3.0229924304905187e-001 1.3059539998014651e+000
  2.6065317419388112e-001 -2.9433312562837055e-001
  1.2952914741912078e+000 3.0290887769950237e-001
  -9.1297959763659375e-001 1.8804510328873272e+000
  -9.7248358131730961e-001 -6.0730846179315434e-001
  1.9465808870733186e+000 -2.0600198129420666e-001
  -4.5680803831753103e-001 1.3390141758764822e+000
  -5.9135378152086271e-001 -9.5199347356498176e-001
  1.8749642431087050e+000 -6.7110750278094033e-001
  -8.1765718609118121e-001 1.9945501829969352e+000
  7.4368973673961225e-002 -6.5787586249047614e-001
  1.7575666990254288e+000 -1.0183605806853135e-001
  -6.0661153004435220e-001 1.1935768367381505e+000
  -1.4392299741913472e-002 -1.2298537092222550e-001
  1.2647951777052959e+000 2.4061151435952421e-001
  -2.1485271589802180e-001 1.6534357302054494e+000
  -3.3607304594615428e-001 -1.1445642856558469e-001
  1.7242421034466395e+000 -3.7576389689364387e-003
  -3.9095021422679666e-001 1.0737351434038107e+000
  -4.7644789492413397e-001 -1.4656335711847834e-001
  1.3854924505675825e+000 -1.7852557356112353e-002
  -1.4391728219053435e-001 1.2401218548417585e+000
  -1.0838118326189337e+000 -8.3333944781004843e-001
  1.8736768334771052e+000 -1.8767666347195933e-001
  -4.4538793304138591e-001 1.5087209649789961e+000
  1.5239390675953546e-001 -6.8196334659106994e-001
  1.4314664790964944e+000 -1.5658389949015228e-001
  -6.2989191137797307e-001 1.4825412580639217e+000</worldPoints>
<imagePoints1>
  4.9175408087460619e+002 4.4549983929748259e+002
  6.7494032943600962e+002 6.0352855633160209e+002
  8.9474237609927445e+002 2.6671389296282342e+002
  6.9863994336792553e+002 1.6242123190934490e+002
  5.6890650192883231e+002 4.6492926815499004e+001
  3.9686188322534548e+002 4.7298611186556445e+002
  8.2654431190469700e+002 2.3910439697421756e+002
  2.3025182543508339e+002 2.9471095251026321e+002
  2.3583608547803141e+002 3.7282467930013843e+002
  1.0896542824345333e+003 4.7542695035548256e+001
  8.7338606733773724e+002 5.4773518331012917e+002
  2.6806156352498505e+002 2.0265096361091534e+002
  3.3354407269633344e+002 4.8248644334057377e+002
  4.9368170166974443e+002 3.0850265566946968e+002
  9.2462043252232860e+001 2.4910454642781085e+002
  9.5750442133307931e+000 3.0247062046080543e+002
  1.0297860469327107e+002 6.7843559402044491e+002
  6.9377209586012032e+002 4.4800512414334605e+002
  9.3915339596946433e+002 5.1712509625529424e+002
  3.2254715248817206e+002 4.5520354698173816e+002
  5.3050408388136998e+002 3.9835396174563743e+002
  9.2010554229689728e+002 1.6852792353722158e+001
  6.3219860025785943e+002 3.3322167919212148e+002
  1.0202274331149438e+002 5.1573003393800025e+002
  7.4783814644799952e+002 5.9870673451567041e+002
  1.1004253973000209e+003 6.4895012384339464e+002
  9.6304166298140001e+002 3.3524378868878011e+002
  1.1623571580035193e+002 2.5203007713130290e+002
  7.8994103830276583e+002 7.7995424660884865e+001
  9.6511957441264963e+002 8.2103531917395358e+001
  7.6055169580486643e+002 2.8664851621902807e+002
  3.0050524264212544e+002 3.8384774178940273e+002
  1.0753648971476632e+003 3.8964500192187154e+002
  1.0204261110737656e+003 3.6889122532777904e+001
  1.1636720492237947e+002 2.7388778312511596e+002
  5.8947712706740163e+002 2.3405391072451457e+002
  3.6841389503435295e+002 6.5293426400194754e+000
  3.3957362685877831e+002 1.4009622105103418e+002
  8.5790192977135837e+002 1.8876656943504588e+002
  6.8324801757898911e+002 5.8594953980859534e+000
  7.8442876497792656e+002 5.6719318466225661e+002
  9.9913250345005031e+002 5.2252358890474943e+002
  5.3328434843723801e+002 6.0933721556712169e+002
  7.9521115314453391e+002 2.0270808786394821e+002
  3.2942991558914838e+002 5.5551979509494015e+002
  7.8030077496761692e+002 5.4149765343752165e+002
  8.4610935795769020e+000 9.2544649385039392e+001
  6.2977849963223355e+002 2.9680361506980620e+002
  9.4567985003838214e+002 4.9320747376511662e+001
  6.5547153787669765e+002 1.1970830971441177e+002</imagePoints1>
